0.0579229 
0.0622996
0.061942
0.0902018
0.0744494
0.0785317 
0.088784
0.106222
0.113585
0.142753
0.147792 
0.155734
0.192015
0.216288
0.245479
0.283993 
0.31437
0.352618
0.390549
0.43129
0.468473 
0.501128
0.539377
0.582421
0.647345
0.643217 
0.707504
0.73216
0.768601
0.819635
0.836843 
0.874235
0.89897
0.917435
0.948561
0.983956 
1.02518
1.03036
1.039
1.06393
1.0824 
1.09788
1.1064
1.12646
1.13744
1.14794 
1.14349
1.16373
1.16068
1.16672
1.16045 
1.17421
1.15623
1.1739
1.14798
1.14334 
1.13985
1.12823
1.11934
1.11583
1.09352 
1.05137
1.04333
1.01349
0.986353
0.959904
0.929557
0.913313
0.88634
0.827843
0.807459
0.743207
0.727486
0.677889
0.644392
0.594507
0.56391
0.491046
0.465995
0.429629
0.390355
0.337874
0.31006
0.274059
0.238072
0.217408
0.189755
0.169915
0.164071
0.137212
0.136876
0.0945742
0.101419
0.0768486
0.075515
0.0863076 
